50 50
125 50
200 50
75 125
180 125
67 7
134 44
19 17
30 55
208 9
203 70
96 95
142 68
212 44
130 53
104 49
239 59
206 40
161 36
214 21
235 79
47 61
132 84
180 14
17 55
49 10
89 78
167 75
220 9
47 94
42 53
22 52
62 81
32 70
30 91
61 66
49 43
114 88
196 34
233 20
46 28
38 27
12 20
182 5
177 24
236 77
24 13
183 94
174 71
143 54
189 10
213 46
18 17
100 20
239 20
83 33
38 69
201 47
152 72
57 51
17 31
145 71
215 74
123 79
221 53
108 49
124 34
106 48
196 54
169 37
205 99
117 94
132 43
96 62
234 23
44 8
102 39
74 95
241 53
225 55
237 65
37 47
22 17
88 26
152 35
243 52
32 62
195 62
80 37
45 43
159 58
175 84
190 9
81 98
117 57
195 30
189 57
147 92
212 63
229 11
156 28
95 97
226 52
93 28
157 61

